88972986
84726931
94516519
14159827
95550817
64429971
29985320
57474788
66431681
68124773
59031782
73901183
73194847
23012155
17295489
54694085
72611491
72330647
27796037
22974580
62866193
29173798
28928839
87462813
72066038
40223689
30734892
79072021
33507179
36028283
54304334
06019389
26509282
30532334
22068613
89475159
60663612
69318669
34387569
35720351
05296568
96509972
53270876
57067046
14823303
40156316
24554974
45550500
00533697
82837303
33341266
66598236
19396483
21138603
79587763
61057954
28945132
39788015
28425650
71977979
88636929
68246040
10289801
31229459
77430859
74397040
34157682
70841457
29884091
85048651
17426339
06100707
56332446
80096933
71536889
05668399
69094153
82228081
14937732
58816318
57073526
56139912
08484208
13594514
14447453
57832031
60398098
46428974
27865777
95160641
01943393
92845463
35109225
84304658
75908051
62866537
07970073
64116807
76155196
09249661
92506226
23468993
26685785
52582587
69630037
66090326
86767500
78399013
77752541
07044078
98328248
90178311
10835659
32374625
33720883
53490326
93794563
09849705
40523805
81534558
38378245
86065468
01944462
53964800
57790082
52238950
95107255
69183412
74513579
28819302
69250687
06491858
41144285
87228912
35020004
90613997
57786189
27195590
20966153
13640785
98651427
14712117
33660402
11694673
56466448
88481895
37332923
05468761
02536562
01524269
35316030
34671306
96099363
30612690
76780511
96300126
07270822
89671955
96354760
54648225
49913228
79029303
86698614
17781058
28897869
84653602
13102578
40159712
22788384
08839628
43341116